365188528881008640
663452970456973326
344104282850852864
376768204598411274
273290611035996162
484035395806298112
155050986203906049
227116932820762628
341599236351328267
337342638867087360
523794159392260106
265858300724117507
600859375803826177
329196850072649728
234766661943689216
342671040851345419
305414938715750410
284037375322226689
200100239959392256
514067851435442178
274583903484772352
523568527077015554
378877771398774805
251038031878815745
365181265378541568
794624766597267456
259762920265613315
267388776114814979
527986206861033492
410453323531943938
518495516762570770
218395151138029578
267389822715297793
559141442161868801
232840494558871554
